loss:0.633763247506
accuracy:0.807449856734