loss:0.725422453343
accuracy:0.728227654653